0.777777777777778
0.888888888888889
1
0.777777777777778
0.777777777777778
0.888888888888889
1
0.777777777777778
0.888888888888889
1
1
0.888888888888889
0.888888888888889
0.666666666666667
0.888888888888889
0.666666666666667
0.888888888888889
0.666666666666667
0.666666666666667
0.888888888888889
0.888888888888889
1
0.666666666666667
0.888888888888889
0.888888888888889
0.888888888888889
0.777777777777778
0.666666666666667
0.777777777777778
0.777777777777778
0.777777777777778
1
0.888888888888889
0.888888888888889
0.888888888888889
0.555555555555556
0.888888888888889
0.888888888888889
0.777777777777778
0.888888888888889
0.555555555555556
0.888888888888889
0.888888888888889
0.888888888888889
0.888888888888889
0.888888888888889
0.666666666666667
0.888888888888889
0.888888888888889
0.777777777777778
0.888888888888889
0.777777777777778
0.666666666666667
1
0.888888888888889
1
0.888888888888889
0.888888888888889
0.666666666666667
0.666666666666667
0.888888888888889
0.888888888888889
0.666666666666667
0.888888888888889
0.888888888888889
0.777777777777778
0.666666666666667
0.888888888888889
0.888888888888889
0.888888888888889
0.888888888888889
0.888888888888889
0.888888888888889
0.666666666666667
0.888888888888889
0.666666666666667
0.777777777777778
0.888888888888889
0.777777777777778
0.888888888888889
0.777777777777778
0.666666666666667
1
0.888888888888889
0.777777777777778
0.888888888888889
0.555555555555556
0.777777777777778
0.888888888888889
0.777777777777778
0.777777777777778
0.777777777777778
0.888888888888889
0.777777777777778
0.777777777777778
0.888888888888889
0.888888888888889
0.777777777777778
0.888888888888889
0.777777777777778
